1 0.240506 0.61746 0.476793 0.765079
1 0.196203 0.387302 0.147679 0.4
1 0.296414 0.22381 0.0907173 0.12381
1 0.371308 0.192063 0.092827 0.12381
1 0.383966 0.0650794 0.0464135 0.12381
1 0.46097 0.139683 0.0864979 0.139683
1 0.477848 0.32381 0.14135 0.247619
1 0.57173 0.246032 0.151899 0.44127
1 0.583333 0.573016 0.183544 0.326984
1 0.567511 0.714286 0.147679 0.260317
1 0.492616 0.733333 0.14135 0.32381
1 0.682489 0.301587 0.116034 0.292064
1 0.772152 0.326984 0.130802 0.355556
1 0.71519 0.65873 0.139241 0.326984
1 0.872363 0.687302 0.221519 0.422222
