1 0.277426 0.31962 0.0654008 0.0611814
1 0.353376 0.330169 0.056962 0.0822785
1 0.225738 0.380802 0.0590717 0.0654008
1 0.295359 0.366034 0.07173 0.0400844
1 0.125527 0.537975 0.221519 0.244726
1 0.214135 0.696203 0.137131 0.177215
1 0.0938819 0.720464 0.183544 0.200422
1 0.175105 0.473629 0.118143 0.191983
1 0.304852 0.531646 0.162447 0.299578
1 0.39557 0.446203 0.0949367 0.200422
1 0.449367 0.389241 0.0548523 0.116034
1 0.445148 0.585443 0.0970464 0.2173
1 0.503165 0.433544 0.0949367 0.175105
1 0.507384 0.310127 0.0485232 0.0759494
1 0.56962 0.508439 0.109705 0.194093
1 0.64346 0.421941 0.092827 0.156118
1 0.71519 0.445148 0.0843882 0.139241
1 0.599156 0.742616 0.316456 0.299578
1 0.75211 0.646624 0.251055 0.267932
1 0.873418 0.658228 0.223629 0.194093
