1 0.125527 0.75211 0.229958 0.445148
1 0.28481 0.748945 0.181435 0.35865
1 0.444093 0.733122 0.132911 0.369198
1 0.612869 0.845992 0.111814 0.202532
1 0.0981013 0.330169 0.191983 0.394515
1 0.148734 0.481013 0.0949367 0.168776
1 0.222574 0.475738 0.124473 0.191983
1 0.336498 0.477848 0.132911 0.191983
1 0.43038 0.424051 0.122363 0.185654
1 0.362869 0.262658 0.135021 0.242616
1 0.471519 0.276371 0.103376 0.109705
1 0.506329 0.511603 0.14346 0.339662
1 0.804852 0.708861 0.175105 0.375527
1 0.627637 0.42616 0.14135 0.240506
1 0.746835 0.466245 0.118143 0.14346
1 0.668776 0.64135 0.181435 0.350211
1 0.89346 0.473629 0.196203 0.2173
1 0.781646 0.366034 0.0864979 0.111814
1 0.927215 0.345992 0.14557 0.0759494
