2 0.485232 0.429245 0.0970464 0.254717
2 0.525316 0.158805 0.0632911 0.154088
2 0.320675 0.201258 0.092827 0.207547
2 0.100211 0.367925 0.103376 0.27044
2 0.132911 0.798742 0.261603 0.389937
2 0.344937 0.930818 0.124473 0.138365
2 0.17616 0.235849 0.0991561 0.238994
2 0.295359 0.342767 0.135021 0.257862
2 0.159283 0.424528 0.191983 0.220126
2 0.229958 0.665094 0.198312 0.349057
2 0.300633 0.599057 0.120253 0.330189
2 0.172996 0.0974843 0.0675105 0.125786
2 0.663502 0.772013 0.225738 0.323899
2 0.832278 0.795597 0.103376 0.408805
2 0.853376 0.562893 0.124473 0.283019
2 0.721519 0.518868 0.130802 0.220126
2 0.636076 0.470126 0.14135 0.273585
2 0.685654 0.183962 0.0843882 0.204403
2 0.805907 0.311321 0.0970464 0.163522
2 0.705696 0.27673 0.0738397 0.169811
