2 0.110759 0.863354 0.2173 0.273292
2 0.298523 0.860248 0.191983 0.279503
2 0.657173 0.838509 0.272152 0.322981
2 0.899789 0.742236 0.191983 0.515528
2 0.82384 0.861801 0.116034 0.158385
2 0.0770042 0.540373 0.149789 0.341615
2 0.170886 0.371118 0.105485 0.23913
2 0.0907173 0.274845 0.109705 0.18323
2 0.293249 0.368012 0.164557 0.220497
2 0.295359 0.590062 0.194093 0.279503
2 0.491561 0.701863 0.172996 0.298137
2 0.725738 0.597826 0.147679 0.28882
2 0.540084 0.504658 0.14346 0.23913
2 0.335443 0.178571 0.139241 0.195652
2 0.206751 0.102484 0.109705 0.136646
2 0.550633 0.0807453 0.109705 0.15528
2 0.699367 0.313665 0.116034 0.198758
2 0.840717 0.346273 0.14557 0.208075
2 0.946203 0.225155 0.107595 0.214286
2 0.804852 0.068323 0.111814 0.118012
2 0.687764 0.0636646 0.0970464 0.121118
2 0.0474684 0.152174 0.0907173 0.173913
2 0.567511 0.368012 0.164557 0.220497
