2 0.172996 0.765823 0.261603 0.468354
2 0.39135 0.740506 0.255274 0.518987
2 0.558017 0.688291 0.246835 0.623418
2 0.668776 0.732595 0.21519 0.53481
2 0.861814 0.745253 0.158228 0.509494
2 0.833333 0.863924 0.14346 0.234177
2 0.17827 0.515823 0.162447 0.227848
2 0.0938819 0.210443 0.124473 0.332278
2 0.146624 0.375 0.116034 0.123418
2 0.0495781 0.705696 0.0949367 0.563291
2 0.221519 0.132911 0.126582 0.113924
2 0.238397 0.234177 0.126582 0.177215
2 0.271097 0.329114 0.0991561 0.14557
2 0.405063 0.283228 0.160338 0.199367
2 0.361814 0.452532 0.14557 0.132911
2 0.474684 0.356013 0.135021 0.155063
2 0.565401 0.265823 0.130802 0.202532
2 0.67827 0.411392 0.132911 0.126582
2 0.688819 0.30538 0.14557 0.167722
2 0.787975 0.5 0.107595 0.208861
2 0.907173 0.658228 0.185654 0.683544
2 0.793249 0.294304 0.0801688 0.164557
2 0.869198 0.256329 0.109705 0.139241
2 0.759494 0.172468 0.135021 0.142405
2 0.446203 0.150316 0.0991561 0.142405
2 0.133966 0.243671 0.0822785 0.139241
